# ------------------------------------------------------------------------
# Radiance spectrum
# NASA-GSFC Planetary Spectrum Generator (PSG) (Villanueva et al. 2018, 2022)
# Synthesized on Wed Sep 20 15:20:58 2023
# Doppler velocities [km/s] (vobs,vrot+vorb,vwidth,vrfl,vstr): -0.45600,-0.00000,0.02000,-94.75176,0.00000
# ------------------------------------------------------------------------
# Spectra synthesized with the Planetary and Universal Model of Atmospheric Scattering (PUMAS, Villanueva et al. 2018, 2022)
# Single scattering radiative transfer method
# ------------------------------------------------------------------------
# Spectral unit: Wavelength [um]
# Radiance unit: Spectral irradiance [W/m2/um]
# Wave/freq Total Noise Earth
4.000000000e+00  9.4168184e-22  4.19914e-17  9.41682e-22
4.020000000e+00  9.3836945e-22  4.17825e-17  9.38369e-22
4.040100000e+00  8.9852778e-22  4.13678e-17  8.98528e-22
4.060300500e+00  9.1564474e-22  4.09572e-17  9.15645e-22
4.080602002e+00  8.9532484e-22  4.05506e-17  8.95325e-22
4.101005013e+00  9.0308055e-22  4.01482e-17  9.03081e-22
4.121510038e+00  8.5147573e-22  3.97497e-17  8.51476e-22
4.142117588e+00  8.5896094e-22  3.93551e-17  8.58961e-22
4.162828176e+00  7.3280470e-22  3.89645e-17  7.32805e-22
4.183642317e+00  1.6193887e-22  3.85778e-17  1.61939e-22
4.204560528e+00  3.4722892e-23  3.81949e-17  3.47229e-23
4.225583331e+00  7.0488841e-23  3.78158e-17  7.04888e-23
4.246711247e+00  7.2815914e-23  3.74404e-17  7.28159e-23
4.267944804e+00  7.6543188e-23  3.70688e-17  7.65432e-23
4.289284528e+00  7.8428931e-23  3.67009e-17  7.84289e-23
4.310730950e+00  6.5909541e-23  3.63366e-17  6.59095e-23
4.332284605e+00  4.7586465e-23  3.59760e-17  4.75865e-23
4.353946028e+00  4.0887916e-23  3.56189e-17  4.08879e-23
4.375715758e+00  4.6357330e-23  3.52653e-17  4.63573e-23
4.397594337e+00  3.8928602e-23  3.49153e-17  3.89286e-23
4.419582309e+00  6.1117712e-23  3.45688e-17  6.11177e-23
4.441680220e+00  1.5855526e-22  3.42256e-17  1.58555e-22
4.463888621e+00  2.5005108e-22  3.38859e-17  2.50051e-22
4.486208064e+00  3.9528892e-22  3.35496e-17  3.95289e-22
4.508639105e+00  4.3540525e-22  3.32166e-17  4.35405e-22
4.531182300e+00  4.7630027e-22  3.28869e-17  4.76300e-22
4.553838212e+00  7.1897086e-22  3.25605e-17  7.18971e-22
4.576607403e+00  8.1955606e-22  3.22373e-17  8.19556e-22
4.599490440e+00  9.8290101e-22  3.19173e-17  9.82901e-22
4.622487892e+00  1.1688057e-21  3.16006e-17  1.16881e-21
4.645600332e+00  1.3015953e-21  3.12869e-17  1.30160e-21
4.668828333e+00  1.2937511e-21  3.09764e-17  1.29375e-21
4.692172475e+00  4.3281219e-22  3.06689e-17  4.32812e-22
4.715633337e+00  2.4995371e-22  3.03645e-17  2.49954e-22
4.739211504e+00  2.5362249e-22  3.00631e-17  2.53622e-22
4.762907561e+00  2.8263977e-22  2.97647e-17  2.82640e-22
4.786722099e+00  2.6396315e-22  2.94693e-17  2.63963e-22
4.810655710e+00  2.6109405e-22  2.91768e-17  2.61094e-22
4.834708988e+00  2.8498644e-22  2.88872e-17  2.84986e-22
4.858882533e+00  3.7014104e-22  2.86005e-17  3.70141e-22
4.883176946e+00  5.0934354e-22  2.83166e-17  5.09344e-22
4.907592831e+00  5.3041536e-22  2.80356e-17  5.30415e-22
4.932130795e+00  7.8036777e-22  2.77573e-17  7.80368e-22
4.956791449e+00  7.7256059e-22  2.74818e-17  7.72561e-22
4.981575406e+00  1.1860746e-21  2.72090e-17  1.18607e-21
5.006483283e+00  1.2727124e-21  2.69390e-17  1.27271e-21
5.031515699e+00  1.2004254e-21  2.66716e-17  1.20043e-21
5.056673278e+00  1.9988894e-21  2.64068e-17  1.99889e-21
5.081956644e+00  1.3885223e-21  2.61447e-17  1.38852e-21
5.107366428e+00  1.4066169e-21  2.58852e-17  1.40662e-21
5.132903260e+00  1.3100322e-21  2.56283e-17  1.31003e-21
5.158567776e+00  1.4125145e-21  2.53739e-17  1.41251e-21
5.184360615e+00  1.6467574e-21  2.51221e-17  1.64676e-21
5.210282418e+00  7.9391420e-22  2.48727e-17  7.93914e-22
5.236333830e+00  1.0462525e-21  2.46259e-17  1.04625e-21
5.262515499e+00  1.4946388e-21  2.43814e-17  1.49464e-21
5.288828077e+00  9.8986227e-22  2.41394e-17  9.89862e-22
5.315272217e+00  1.4118105e-21  2.38999e-17  1.41181e-21
5.341848578e+00  1.0315768e-21  2.36626e-17  1.03158e-21
5.368557821e+00  1.0892217e-21  2.34278e-17  1.08922e-21
5.395400610e+00  1.1830071e-21  2.31952e-17  1.18301e-21
5.422377613e+00  6.9161629e-22  2.29650e-17  6.91616e-22
5.449489501e+00  8.7277240e-22  2.27371e-17  8.72772e-22
5.476736949e+00  7.1014983e-22  2.25114e-17  7.10150e-22
5.504120634e+00  9.2339557e-22  2.22880e-17  9.23396e-22
5.531641237e+00  8.2834936e-22  2.20667e-17  8.28349e-22
5.559299443e+00  7.3857473e-22  2.18477e-17  7.38575e-22
5.587095940e+00  7.9297785e-22  2.16309e-17  7.92978e-22
5.615031420e+00  7.6219040e-22  2.14162e-17  7.62190e-22
5.643106577e+00  6.1319753e-22  2.12036e-17  6.13198e-22
5.671322110e+00  8.0170961e-22  2.09932e-17  8.01710e-22
5.699678720e+00  7.9521408e-22  2.07848e-17  7.95214e-22
5.728177114e+00  6.3819892e-22  2.05785e-17  6.38199e-22
5.756818000e+00  5.9637472e-22  2.03742e-17  5.96375e-22
5.785602090e+00  8.3960538e-22  2.01720e-17  8.39605e-22
5.814530100e+00  7.0271786e-22  1.99718e-17  7.02718e-22
5.843602750e+00  7.5002057e-22  1.97736e-17  7.50021e-22
5.872820764e+00  6.2143880e-22  1.95773e-17  6.21439e-22
5.902184868e+00  6.9918175e-22  1.93830e-17  6.99182e-22
5.931695792e+00  5.9460143e-22  1.91906e-17  5.94601e-22
5.961354271e+00  8.0525393e-22  1.90001e-17  8.05254e-22
5.991161043e+00  7.1711601e-22  1.88115e-17  7.17116e-22
6.021116848e+00  9.0788329e-22  1.86248e-17  9.07883e-22
6.051222432e+00  5.5225270e-22  1.84400e-17  5.52253e-22
6.081478544e+00  7.8329740e-22  1.82569e-17  7.83297e-22
6.111885937e+00  6.8582645e-22  1.80757e-17  6.85826e-22
6.142445367e+00  9.1752239e-22  1.78963e-17  9.17522e-22
6.173157594e+00  8.4406522e-22  1.77187e-17  8.44065e-22
6.204023382e+00  1.2124045e-21  1.75428e-17  1.21240e-21
6.235043498e+00  1.3409496e-21  1.73687e-17  1.34095e-21
6.266218716e+00  1.5261290e-21  1.71963e-17  1.52613e-21
6.297549810e+00  1.7690072e-21  1.70256e-17  1.76901e-21
6.329037559e+00  1.3256341e-21  1.68566e-17  1.32563e-21
6.360682746e+00  9.2014199e-22  1.66893e-17  9.20142e-22
6.392486160e+00  9.2766217e-22  1.65237e-17  9.27662e-22
6.424448591e+00  7.1565914e-22  1.63597e-17  7.15659e-22
6.456570834e+00  1.1322688e-21  1.61973e-17  1.13227e-21
6.488853688e+00  6.2158085e-22  1.60365e-17  6.21581e-22
6.521297956e+00  9.9100037e-22  1.58774e-17  9.91000e-22
6.553904446e+00  8.9691996e-22  1.57198e-17  8.96920e-22
6.586673968e+00  9.1844568e-22  1.55637e-17  9.18446e-22
6.619607338e+00  9.9570399e-22  1.54093e-17  9.95704e-22
6.652705375e+00  1.1297992e-21  1.52563e-17  1.12980e-21
6.685968902e+00  1.3679915e-21  1.51049e-17  1.36799e-21
6.719398746e+00  1.2672377e-21  1.49550e-17  1.26724e-21
6.752995740e+00  2.0644505e-21  1.48065e-17  2.06445e-21
6.786760719e+00  1.2171171e-21  1.46596e-17  1.21712e-21
6.820694522e+00  1.5488540e-21  1.45141e-17  1.54885e-21
6.854797995e+00  1.2773167e-21  1.43700e-17  1.27732e-21
6.889071985e+00  2.0851573e-21  1.42274e-17  2.08516e-21
6.923517345e+00  2.5878601e-21  1.40862e-17  2.58786e-21
6.958134932e+00  1.8562970e-21  1.39464e-17  1.85630e-21
6.992925606e+00  2.1605659e-21  1.38079e-17  2.16057e-21
7.027890234e+00  2.1467169e-21  1.36709e-17  2.14672e-21
7.063029686e+00  2.3413861e-21  1.35352e-17  2.34139e-21
7.098344834e+00  3.1397954e-21  1.34008e-17  3.13980e-21
7.133836558e+00  2.6322663e-21  1.32678e-17  2.63227e-21
7.169505741e+00  2.3557186e-21  1.31361e-17  2.35572e-21
7.205353270e+00  2.6717426e-21  1.30058e-17  2.67174e-21
7.241380036e+00  3.4314149e-21  1.28767e-17  3.43141e-21
7.277586936e+00  2.6818204e-21  1.27489e-17  2.68182e-21
7.313974871e+00  3.6557921e-21  1.26223e-17  3.65579e-21
7.350544745e+00  3.2960534e-21  1.24970e-17  3.29605e-21
7.387297469e+00  4.1472000e-21  1.23730e-17  4.14720e-21
7.424233956e+00  4.3728194e-21  1.22502e-17  4.37282e-21
7.461355126e+00  3.1820597e-21  1.21286e-17  3.18206e-21
7.498661902e+00  4.4819409e-21  1.20082e-17  4.48194e-21
7.536155211e+00  5.5066196e-21  1.18890e-17  5.50662e-21
7.573835987e+00  3.8908679e-21  1.17710e-17  3.89087e-21
7.611705167e+00  4.3150184e-21  1.16542e-17  4.31502e-21
7.649763693e+00  4.5696853e-21  1.15385e-17  4.56969e-21
7.688012511e+00  4.8475152e-21  1.14240e-17  4.84752e-21
7.726452574e+00  5.5180536e-21  1.13106e-17  5.51805e-21
7.765084837e+00  5.6317945e-21  1.11983e-17  5.63179e-21
7.803910261e+00  6.2043734e-21  1.10872e-17  6.20437e-21
7.842929812e+00  6.2942670e-21  1.09772e-17  6.29427e-21
7.882144461e+00  4.5884960e-21  1.08682e-17  4.58850e-21
7.921555184e+00  5.6850008e-21  1.07603e-17  5.68500e-21
7.961162960e+00  8.0402266e-21  1.06535e-17  8.04023e-21
8.000968774e+00  9.1263154e-21  1.05478e-17  9.12632e-21
8.040973618e+00  7.9529485e-21  1.04431e-17  7.95295e-21
8.081178486e+00  9.6931764e-21  1.03394e-17  9.69318e-21
8.121584379e+00  1.0615328e-20  1.02368e-17  1.06153e-20
8.162192301e+00  8.7768240e-21  1.01352e-17  8.77682e-21
8.203003262e+00  8.9160973e-21  1.00346e-17  8.91610e-21
8.244018279e+00  7.8999422e-21  9.93501e-18  7.89994e-21
8.285238370e+00  9.1655717e-21  9.83640e-18  9.16557e-21
8.326664562e+00  8.3008226e-21  9.73877e-18  8.30082e-21
8.368297885e+00  7.6369584e-21  9.64211e-18  7.63696e-21
8.410139374e+00  6.4284194e-21  9.54641e-18  6.42842e-21
8.452190071e+00  6.0182239e-21  9.45165e-18  6.01822e-21
8.494451021e+00  5.3834082e-21  9.35784e-18  5.38341e-21
8.536923276e+00  4.8637914e-21  9.26496e-18  4.86379e-21
8.579607893e+00  4.5513042e-21  9.17300e-18  4.55130e-21
8.622505932e+00  3.9959777e-21  9.08195e-18  3.99598e-21
8.665618462e+00  4.1036697e-21  8.99181e-18  4.10367e-21
8.708946554e+00  3.3512085e-21  8.90256e-18  3.35121e-21
8.752491287e+00  3.5389076e-21  8.81420e-18  3.53891e-21
8.796253743e+00  3.2017686e-21  8.72671e-18  3.20177e-21
8.840235012e+00  3.2545928e-21  8.64010e-18  3.25459e-21
8.884436187e+00  3.2072717e-21  8.55434e-18  3.20727e-21
8.928858368e+00  3.2421881e-21  8.46943e-18  3.24219e-21
8.973502660e+00  3.2002600e-21  8.38537e-18  3.20026e-21
9.018370173e+00  3.3298176e-21  8.30214e-18  3.32982e-21
9.063462024e+00  3.4807909e-21  8.21974e-18  3.48079e-21
9.108779334e+00  3.2783180e-21  8.13815e-18  3.27832e-21
9.154323231e+00  3.2659750e-21  8.05738e-18  3.26598e-21
9.200094847e+00  3.3571378e-21  7.97741e-18  3.35714e-21
9.246095321e+00  3.3972006e-21  7.89823e-18  3.39720e-21
9.292325798e+00  3.3668603e-21  7.81983e-18  3.36686e-21
9.338787427e+00  3.5716101e-21  7.74222e-18  3.57161e-21
9.385481364e+00  4.1588977e-21  7.66537e-18  4.15890e-21
9.432408771e+00  4.4645664e-21  7.58929e-18  4.46457e-21
9.479570815e+00  4.5508387e-21  7.51396e-18  4.55084e-21
9.526968669e+00  4.5821961e-21  7.43938e-18  4.58220e-21
9.574603512e+00  4.4088184e-21  7.36554e-18  4.40882e-21
9.622476530e+00  4.5565999e-21  7.29244e-18  4.55660e-21
9.670588912e+00  4.5798909e-21  7.22005e-18  4.57989e-21
9.718941857e+00  4.6823425e-21  7.14839e-18  4.68234e-21
9.767536566e+00  4.7625671e-21  7.07744e-18  4.76257e-21
9.816374249e+00  4.7380774e-21  7.00719e-18  4.73808e-21
9.865456120e+00  4.6882193e-21  6.93764e-18  4.68822e-21
9.914783401e+00  4.5773901e-21  6.86878e-18  4.57739e-21
9.964357318e+00  4.5514581e-21  6.80061e-18  4.55146e-21
1.001417910e+01  4.3982494e-21  6.73311e-18  4.39825e-21
1.006425000e+01  4.2233571e-21  6.66628e-18  4.22336e-21
1.011457125e+01  4.1186997e-21  6.60011e-18  4.11870e-21
1.016514411e+01  4.0459611e-21  6.53460e-18  4.04596e-21
1.021596983e+01  7.5029030e-21  6.46974e-18  7.50290e-21
1.026704968e+01  9.3277042e-21  6.40553e-18  9.32770e-21
1.031838492e+01  1.0589609e-20  6.34195e-18  1.05896e-20
1.036997685e+01  1.1382082e-20  6.27900e-18  1.13821e-20
1.042182673e+01  1.1853583e-20  6.21668e-18  1.18536e-20
1.047393587e+01  1.1915060e-20  6.15498e-18  1.19151e-20
1.052630555e+01  1.2100708e-20  6.09389e-18  1.21007e-20
1.057893707e+01  1.2128361e-20  6.03340e-18  1.21284e-20
1.063183176e+01  1.2264143e-20  5.97352e-18  1.22641e-20
1.068499092e+01  1.2305050e-20  5.91423e-18  1.23050e-20
1.073841587e+01  1.2308299e-20  5.85553e-18  1.23083e-20
1.079210795e+01  1.2143772e-20  5.79741e-18  1.21438e-20
1.084606849e+01  1.1899850e-20  5.73986e-18  1.18998e-20
1.090029883e+01  1.2185170e-20  5.68289e-18  1.21852e-20
1.095480033e+01  1.2176568e-20  5.62649e-18  1.21766e-20
1.100957433e+01  1.1611420e-20  5.58840e-18  1.16114e-20
1.106462220e+01  1.2140769e-20  5.56060e-18  1.21408e-20
1.111994531e+01  1.2103081e-20  5.53293e-18  1.21031e-20
1.117554504e+01  1.2073459e-20  5.50541e-18  1.20735e-20
1.123142276e+01  1.1793595e-20  5.47802e-18  1.17936e-20
1.128757988e+01  1.1644787e-20  5.45076e-18  1.16448e-20
1.134401778e+01  1.1712881e-20  5.42365e-18  1.17129e-20
1.140073787e+01  1.1711624e-20  5.39666e-18  1.17116e-20
1.145774156e+01  1.1629283e-20  5.36981e-18  1.16293e-20
1.151503026e+01  1.1727536e-20  5.34310e-18  1.17275e-20
1.157260541e+01  1.1510075e-20  5.31652e-18  1.15101e-20
1.163046844e+01  1.1612839e-20  5.29006e-18  1.16128e-20
1.168862078e+01  1.1232179e-20  5.26375e-18  1.12322e-20
1.174706389e+01  1.0736836e-20  5.23756e-18  1.07368e-20
1.180579921e+01  1.1172079e-20  5.21150e-18  1.11721e-20
1.186482820e+01  1.1004397e-20  5.18557e-18  1.10044e-20
1.192415234e+01  1.0790897e-20  5.15977e-18  1.07909e-20
1.198377311e+01  1.0772264e-20  5.13410e-18  1.07723e-20
1.204369197e+01  1.0473108e-20  5.10856e-18  1.04731e-20
1.210391043e+01  9.9841587e-21  5.08314e-18  9.98416e-21
1.216442998e+01  9.8288492e-21  5.05786e-18  9.82885e-21
1.222525213e+01  9.7467675e-21  5.03269e-18  9.74677e-21
1.228637839e+01  8.7753701e-21  5.00765e-18  8.77537e-21
1.234781029e+01  8.9277095e-21  4.98274e-18  8.92771e-21
1.240954934e+01  8.1100990e-21  4.95795e-18  8.11010e-21
1.247159708e+01  8.0683562e-21  4.93328e-18  8.06836e-21
1.253395507e+01  6.7458831e-21  4.90874e-18  6.74588e-21
1.259662485e+01  6.7505882e-21  4.88432e-18  6.75059e-21
1.265960797e+01  6.6876678e-21  4.86002e-18  6.68767e-21
1.272290601e+01  5.7555811e-21  4.83584e-18  5.75558e-21
1.278652054e+01  6.0081590e-21  4.81178e-18  6.00816e-21
1.285045314e+01  5.0895215e-21  4.78784e-18  5.08952e-21
1.291470541e+01  5.4913797e-21  4.76402e-18  5.49138e-21
1.297927893e+01  4.6856788e-21  4.74032e-18  4.68568e-21
1.304417533e+01  5.0605875e-21  4.71674e-18  5.06059e-21
1.310939621e+01  4.4952978e-21  4.69327e-18  4.49530e-21
1.317494319e+01  4.5783723e-21  4.66992e-18  4.57837e-21
1.324081790e+01  4.3339202e-21  4.64669e-18  4.33392e-21
1.330702199e+01  4.1582249e-21  4.62357e-18  4.15822e-21
1.337355710e+01  4.1305349e-21  4.60057e-18  4.13053e-21
1.344042489e+01  3.9642398e-21  4.57768e-18  3.96424e-21
1.350762701e+01  3.8307919e-21  4.55490e-18  3.83079e-21
1.357516515e+01  3.9701469e-21  4.53224e-18  3.97015e-21
1.364304097e+01  3.7756647e-21  4.50969e-18  3.77566e-21
1.371125618e+01  3.9529128e-21  4.48726e-18  3.95291e-21
1.377981246e+01  3.7927417e-21  4.46493e-18  3.79274e-21
1.384871152e+01  3.8979673e-21  4.44272e-18  3.89797e-21
1.391795508e+01  3.8635681e-21  4.42062e-18  3.86357e-21
1.398754485e+01  3.8482979e-21  4.39862e-18  3.84830e-21
1.405748258e+01  3.7845196e-21  4.37674e-18  3.78452e-21
1.412776999e+01  3.6937038e-21  4.35496e-18  3.69370e-21
1.419840884e+01  3.6065520e-21  4.33330e-18  3.60655e-21
1.426940089e+01  3.4858097e-21  4.31174e-18  3.48581e-21
1.434074789e+01  3.5832923e-21  4.29029e-18  3.58329e-21
1.441245163e+01  3.5059732e-21  4.26894e-18  3.50597e-21
1.448451389e+01  3.6113935e-21  4.24770e-18  3.61139e-21
1.455693646e+01  3.6923486e-21  4.22657e-18  3.69235e-21
1.462972114e+01  3.6852208e-21  4.20554e-18  3.68522e-21
1.470286975e+01  3.6716648e-21  4.18462e-18  3.67166e-21
1.477638409e+01  3.5501950e-21  4.16380e-18  3.55020e-21
1.485026601e+01  3.6985291e-21  4.14309e-18  3.69853e-21
1.492451734e+01  3.6023702e-21  4.12247e-18  3.60237e-21
1.499913993e+01  3.6343760e-21  4.10196e-18  3.63438e-21
1.507413563e+01  3.4224088e-21  4.08156e-18  3.42241e-21
1.514950631e+01  3.3335589e-21  4.06125e-18  3.33356e-21
1.522525384e+01  3.4166712e-21  4.04104e-18  3.41667e-21
1.530138011e+01  3.1734700e-21  4.02094e-18  3.17347e-21
1.537788701e+01  3.2263221e-21  4.00093e-18  3.22632e-21
1.545477645e+01  3.0347589e-21  3.98103e-18  3.03476e-21
1.553205033e+01  2.9153948e-21  3.96122e-18  2.91539e-21
1.560971058e+01  3.0385765e-21  3.94152e-18  3.03858e-21
1.568775913e+01  2.8928777e-21  3.92191e-18  2.89288e-21
1.576619793e+01  2.9564393e-21  3.90239e-18  2.95644e-21
1.584502892e+01  3.0744437e-21  3.88298e-18  3.07444e-21
1.592425406e+01  3.2295491e-21  3.86366e-18  3.22955e-21
1.600387533e+01  3.4131951e-21  3.84444e-18  3.41320e-21
1.608389471e+01  3.8869261e-21  3.82531e-18  3.88693e-21
1.616431418e+01  3.2368962e-21  3.80628e-18  3.23690e-21
1.624513575e+01  3.5843187e-21  3.78734e-18  3.58432e-21
1.632636143e+01  4.1214154e-21  3.76850e-18  4.12142e-21
1.640799324e+01  4.0433112e-21  3.74975e-18  4.04331e-21
1.649003321e+01  4.3621747e-21  3.73110e-18  4.36217e-21
1.657248337e+01  4.1423825e-21  3.71253e-18  4.14238e-21
1.665534579e+01  4.3445060e-21  3.69406e-18  4.34451e-21
1.673862252e+01  3.9186404e-21  3.67569e-18  3.91864e-21
1.682231563e+01  4.3265441e-21  3.65740e-18  4.32654e-21
1.690642721e+01  4.1842283e-21  3.63920e-18  4.18423e-21
1.699095934e+01  4.5204480e-21  3.62110e-18  4.52045e-21
1.707591414e+01  4.7556203e-21  3.60308e-18  4.75562e-21
1.716129371e+01  4.7340312e-21  3.58516e-18  4.73403e-21
1.724710018e+01  4.4987094e-21  3.56732e-18  4.49871e-21
1.733333568e+01  4.2259765e-21  3.54957e-18  4.22598e-21
1.742000236e+01  4.8466121e-21  3.53191e-18  4.84661e-21
1.750710237e+01  4.5943929e-21  3.51434e-18  4.59439e-21
1.759463788e+01  4.0835445e-21  3.49686e-18  4.08354e-21
1.768261107e+01  4.6533650e-21  3.47946e-18  4.65337e-21
1.777102413e+01  4.5471325e-21  3.46215e-18  4.54713e-21
1.785987925e+01  4.8355623e-21  3.44492e-18  4.83556e-21
1.794917864e+01  4.6403902e-21  3.42778e-18  4.64039e-21
