# ------------------------------------------------------------------------
# Radiance spectrum
# NASA-GSFC Planetary Spectrum Generator (PSG) (Villanueva et al. 2018, 2022)
# Synthesized on Tue Sep 19 15:02:22 2023
# Doppler velocities [km/s] (vobs,vrot+vorb,vwidth,vrfl,vstr): -0.45600,-0.00000,0.02000,-94.75176,0.00000
# ------------------------------------------------------------------------
# Spectra synthesized with the Planetary and Universal Model of Atmospheric Scattering (PUMAS, Villanueva et al. 2018, 2022)
# Single scattering radiative transfer method
# ------------------------------------------------------------------------
# Spectral unit: Wavelength [um]
# Radiance unit: Spectral irradiance [W/m2/um]
# Wave/freq Total Noise Earth
4.000000000e+00  9.7963135e-22  4.19914e-17  9.79631e-22
4.020000000e+00  9.5681699e-22  4.17825e-17  9.56817e-22
4.040100000e+00  9.2142027e-22  4.13678e-17  9.21420e-22
4.060300500e+00  9.3711309e-22  4.09572e-17  9.37113e-22
4.080602002e+00  9.0797724e-22  4.05506e-17  9.07977e-22
4.101005013e+00  9.1137719e-22  4.01482e-17  9.11377e-22
4.121510038e+00  9.2293643e-22  3.97497e-17  9.22936e-22
4.142117588e+00  9.3035913e-22  3.93551e-17  9.30359e-22
4.162828176e+00  7.6683011e-22  3.89645e-17  7.66830e-22
4.183642317e+00  1.6209281e-22  3.85778e-17  1.62093e-22
4.204560528e+00  3.4713647e-23  3.81949e-17  3.47136e-23
4.225583331e+00  7.0572496e-23  3.78158e-17  7.05725e-23
4.246711247e+00  7.2833665e-23  3.74404e-17  7.28337e-23
4.267944804e+00  7.6603604e-23  3.70688e-17  7.66036e-23
4.289284528e+00  7.8501047e-23  3.67009e-17  7.85010e-23
4.310730950e+00  6.5968711e-23  3.63366e-17  6.59687e-23
4.332284605e+00  4.7589158e-23  3.59760e-17  4.75892e-23
4.353946028e+00  4.0770189e-23  3.56189e-17  4.07702e-23
4.375715758e+00  4.5803871e-23  3.52653e-17  4.58039e-23
4.397594337e+00  3.7055680e-23  3.49153e-17  3.70557e-23
4.419582309e+00  5.6949945e-23  3.45688e-17  5.69499e-23
4.441680220e+00  1.5694992e-22  3.42256e-17  1.56950e-22
4.463888621e+00  2.5655796e-22  3.38859e-17  2.56558e-22
4.486208064e+00  4.5726521e-22  3.35496e-17  4.57265e-22
4.508639105e+00  5.2854990e-22  3.32166e-17  5.28550e-22
4.531182300e+00  5.7911037e-22  3.28869e-17  5.79110e-22
4.553838212e+00  9.5915467e-22  3.25605e-17  9.59155e-22
4.576607403e+00  1.3525058e-21  3.22373e-17  1.35251e-21
4.599490440e+00  1.7424887e-21  3.19173e-17  1.74249e-21
4.622487892e+00  1.8445393e-21  3.16006e-17  1.84454e-21
4.645600332e+00  1.9629437e-21  3.12869e-17  1.96294e-21
4.668828333e+00  1.8982387e-21  3.09764e-17  1.89824e-21
4.692172475e+00  2.0857509e-21  3.06689e-17  2.08575e-21
4.715633337e+00  1.7872886e-21  3.03645e-17  1.78729e-21
4.739211504e+00  1.9897779e-21  3.00631e-17  1.98978e-21
4.762907561e+00  1.9795407e-21  2.97647e-17  1.97954e-21
4.786722099e+00  1.7942019e-21  2.94693e-17  1.79420e-21
4.810655710e+00  1.6029862e-21  2.91768e-17  1.60299e-21
4.834708988e+00  1.8120168e-21  2.88872e-17  1.81202e-21
4.858882533e+00  2.0372524e-21  2.86005e-17  2.03725e-21
4.883176946e+00  2.1189375e-21  2.83166e-17  2.11894e-21
4.907592831e+00  2.0389127e-21  2.80356e-17  2.03891e-21
4.932130795e+00  2.0847795e-21  2.77573e-17  2.08478e-21
4.956791449e+00  1.3800778e-21  2.74818e-17  1.38008e-21
4.981575406e+00  2.0024228e-21  2.72090e-17  2.00242e-21
5.006483283e+00  1.7168853e-21  2.69390e-17  1.71689e-21
5.031515699e+00  1.3970932e-21  2.66716e-17  1.39709e-21
5.056673278e+00  2.2875093e-21  2.64068e-17  2.28751e-21
5.081956644e+00  1.4646908e-21  2.61447e-17  1.46469e-21
5.107366428e+00  1.4655499e-21  2.58852e-17  1.46555e-21
5.132903260e+00  1.3702599e-21  2.56283e-17  1.37026e-21
5.158567776e+00  1.4437862e-21  2.53739e-17  1.44379e-21
5.184360615e+00  1.6881163e-21  2.51221e-17  1.68812e-21
5.210282418e+00  7.9613416e-22  2.48727e-17  7.96134e-22
5.236333830e+00  1.0550662e-21  2.46259e-17  1.05507e-21
5.262515499e+00  1.5242678e-21  2.43814e-17  1.52427e-21
5.288828077e+00  1.0019957e-21  2.41394e-17  1.00200e-21
5.315272217e+00  1.4867741e-21  2.38999e-17  1.48677e-21
5.341848578e+00  1.0591366e-21  2.36626e-17  1.05914e-21
5.368557821e+00  1.1846906e-21  2.34278e-17  1.18469e-21
5.395400610e+00  1.3824190e-21  2.31952e-17  1.38242e-21
5.422377613e+00  7.0380508e-22  2.29650e-17  7.03805e-22
5.449489501e+00  9.7922181e-22  2.27371e-17  9.79222e-22
5.476736949e+00  7.7741042e-22  2.25114e-17  7.77410e-22
5.504120634e+00  1.3295210e-21  2.22880e-17  1.32952e-21
5.531641237e+00  1.0063524e-21  2.20667e-17  1.00635e-21
5.559299443e+00  7.8078339e-22  2.18477e-17  7.80783e-22
5.587095940e+00  8.6860037e-22  2.16309e-17  8.68600e-22
5.615031420e+00  8.8392174e-22  2.14162e-17  8.83922e-22
5.643106577e+00  5.8084446e-22  2.12036e-17  5.80844e-22
5.671322110e+00  8.5512882e-22  2.09932e-17  8.55129e-22
5.699678720e+00  8.2214659e-22  2.07848e-17  8.22147e-22
5.728177114e+00  6.2326670e-22  2.05785e-17  6.23267e-22
5.756818000e+00  5.5277421e-22  2.03742e-17  5.52774e-22
5.785602090e+00  8.8997821e-22  2.01720e-17  8.89978e-22
5.814530100e+00  6.2802530e-22  1.99718e-17  6.28025e-22
5.843602750e+00  7.7458773e-22  1.97736e-17  7.74588e-22
5.872820764e+00  4.8302031e-22  1.95773e-17  4.83020e-22
5.902184868e+00  6.1250716e-22  1.93830e-17  6.12507e-22
5.931695792e+00  5.0897422e-22  1.91906e-17  5.08974e-22
5.961354271e+00  7.8311811e-22  1.90001e-17  7.83118e-22
5.991161043e+00  6.8990406e-22  1.88115e-17  6.89904e-22
6.021116848e+00  9.0083245e-22  1.86248e-17  9.00832e-22
6.051222432e+00  5.4607962e-22  1.84400e-17  5.46080e-22
6.081478544e+00  7.8106828e-22  1.82569e-17  7.81068e-22
6.111885937e+00  6.8505973e-22  1.80757e-17  6.85060e-22
6.142445367e+00  9.1731156e-22  1.78963e-17  9.17312e-22
6.173157594e+00  8.4402337e-22  1.77187e-17  8.44023e-22
6.204023382e+00  1.2123923e-21  1.75428e-17  1.21239e-21
6.235043498e+00  1.3409342e-21  1.73687e-17  1.34093e-21
6.266218716e+00  1.5261072e-21  1.71963e-17  1.52611e-21
6.297549810e+00  1.7689744e-21  1.70256e-17  1.76897e-21
6.329037559e+00  1.3256200e-21  1.68566e-17  1.32562e-21
6.360682746e+00  9.2014484e-22  1.66893e-17  9.20145e-22
6.392486160e+00  9.2766951e-22  1.65237e-17  9.27670e-22
6.424448591e+00  7.1570301e-22  1.63597e-17  7.15703e-22
6.456570834e+00  1.1322627e-21  1.61973e-17  1.13226e-21
6.488853688e+00  6.2165542e-22  1.60365e-17  6.21655e-22
6.521297956e+00  9.9094653e-22  1.58774e-17  9.90947e-22
6.553904446e+00  8.9680066e-22  1.57198e-17  8.96801e-22
6.586673968e+00  9.1832941e-22  1.55637e-17  9.18329e-22
6.619607338e+00  9.9552943e-22  1.54093e-17  9.95529e-22
6.652705375e+00  1.1295475e-21  1.52563e-17  1.12955e-21
6.685968902e+00  1.3673494e-21  1.51049e-17  1.36735e-21
6.719398746e+00  1.2663195e-21  1.49550e-17  1.26632e-21
6.752995740e+00  2.0642099e-21  1.48065e-17  2.06421e-21
6.786760719e+00  1.2153469e-21  1.46596e-17  1.21535e-21
6.820694522e+00  1.5460068e-21  1.45141e-17  1.54601e-21
6.854797995e+00  1.2744568e-21  1.43700e-17  1.27446e-21
6.889071985e+00  2.0834834e-21  1.42274e-17  2.08348e-21
6.923517345e+00  2.5889727e-21  1.40862e-17  2.58897e-21
6.958134932e+00  1.8519533e-21  1.39464e-17  1.85195e-21
6.992925606e+00  2.1623141e-21  1.38079e-17  2.16231e-21
7.027890234e+00  2.1577101e-21  1.36709e-17  2.15771e-21
7.063029686e+00  2.3499864e-21  1.35352e-17  2.34999e-21
7.098344834e+00  3.2326764e-21  1.34008e-17  3.23268e-21
7.133836558e+00  2.6516913e-21  1.32678e-17  2.65169e-21
7.169505741e+00  2.3535741e-21  1.31361e-17  2.35357e-21
7.205353270e+00  2.6856334e-21  1.30058e-17  2.68563e-21
7.241380036e+00  3.4842912e-21  1.28767e-17  3.48429e-21
7.277586936e+00  2.6870223e-21  1.27489e-17  2.68702e-21
7.313974871e+00  3.6877225e-21  1.26223e-17  3.68772e-21
7.350544745e+00  3.3023860e-21  1.24970e-17  3.30239e-21
7.387297469e+00  4.1560060e-21  1.23730e-17  4.15601e-21
7.424233956e+00  4.3765197e-21  1.22502e-17  4.37652e-21
7.461355126e+00  3.1812428e-21  1.21286e-17  3.18124e-21
7.498661902e+00  4.4827056e-21  1.20082e-17  4.48271e-21
7.536155211e+00  5.5076042e-21  1.18890e-17  5.50760e-21
7.573835987e+00  3.8906213e-21  1.17710e-17  3.89062e-21
7.611705167e+00  4.3148893e-21  1.16542e-17  4.31489e-21
7.649763693e+00  4.5697367e-21  1.15385e-17  4.56974e-21
7.688012511e+00  4.8474277e-21  1.14240e-17  4.84743e-21
7.726452574e+00  5.5179450e-21  1.13106e-17  5.51794e-21
7.765084837e+00  5.6317129e-21  1.11983e-17  5.63171e-21
7.803910261e+00  6.2042842e-21  1.10872e-17  6.20428e-21
7.842929812e+00  6.2941924e-21  1.09772e-17  6.29419e-21
7.882144461e+00  4.5882425e-21  1.08682e-17  4.58824e-21
7.921555184e+00  5.6848243e-21  1.07603e-17  5.68482e-21
7.961162960e+00  8.0453632e-21  1.06535e-17  8.04536e-21
8.000968774e+00  9.1393494e-21  1.05478e-17  9.13935e-21
8.040973618e+00  7.9713071e-21  1.04431e-17  7.97131e-21
8.081178486e+00  9.7838700e-21  1.03394e-17  9.78387e-21
8.121584379e+00  1.0939861e-20  1.02368e-17  1.09399e-20
8.162192301e+00  9.0812700e-21  1.01352e-17  9.08127e-21
8.203003262e+00  9.4552737e-21  1.00346e-17  9.45527e-21
8.244018279e+00  8.6116814e-21  9.93501e-18  8.61168e-21
8.285238370e+00  1.1215320e-20  9.83640e-18  1.12153e-20
8.326664562e+00  1.0802712e-20  9.73877e-18  1.08027e-20
8.368297885e+00  1.1181072e-20  9.64211e-18  1.11811e-20
8.410139374e+00  9.8506701e-21  9.54641e-18  9.85067e-21
8.452190071e+00  1.1422203e-20  9.45165e-18  1.14222e-20
8.494451021e+00  1.0270879e-20  9.35784e-18  1.02709e-20
8.536923276e+00  1.1144962e-20  9.26496e-18  1.11450e-20
8.579607893e+00  1.0860372e-20  9.17300e-18  1.08604e-20
8.622505932e+00  1.1673868e-20  9.08195e-18  1.16739e-20
8.665618462e+00  1.0888420e-20  8.99181e-18  1.08884e-20
8.708946554e+00  1.1526816e-20  8.90256e-18  1.15268e-20
8.752491287e+00  1.1869057e-20  8.81420e-18  1.18691e-20
8.796253743e+00  1.0029423e-20  8.72672e-18  1.00294e-20
8.840235012e+00  1.1861856e-20  8.64010e-18  1.18619e-20
8.884436187e+00  1.1830983e-20  8.55434e-18  1.18310e-20
8.928858368e+00  1.1511434e-20  8.46944e-18  1.15114e-20
8.973502660e+00  1.1932001e-20  8.38537e-18  1.19320e-20
9.018370173e+00  1.1466482e-20  8.30214e-18  1.14665e-20
9.063462024e+00  1.1983737e-20  8.21974e-18  1.19837e-20
9.108779334e+00  1.1948694e-20  8.13816e-18  1.19487e-20
9.154323231e+00  1.1772242e-20  8.05738e-18  1.17722e-20
9.200094847e+00  1.1974778e-20  7.97741e-18  1.19748e-20
9.246095321e+00  1.1905103e-20  7.89823e-18  1.19051e-20
9.292325798e+00  1.1787199e-20  7.81983e-18  1.17872e-20
9.338787427e+00  1.1787935e-20  7.74222e-18  1.17879e-20
9.385481364e+00  1.0074228e-20  7.66537e-18  1.00742e-20
9.432408771e+00  7.3143927e-21  7.58929e-18  7.31439e-21
9.479570815e+00  6.2106044e-21  7.51396e-18  6.21060e-21
9.526968669e+00  6.6743502e-21  7.43938e-18  6.67435e-21
9.574603512e+00  9.7203503e-21  7.36554e-18  9.72035e-21
9.622476530e+00  6.2192757e-21  7.29244e-18  6.21928e-21
9.670588912e+00  7.4393202e-21  7.22005e-18  7.43932e-21
9.718941857e+00  7.8041530e-21  7.14839e-18  7.80415e-21
9.767536566e+00  7.8251045e-21  7.07744e-18  7.82510e-21
9.816374249e+00  8.4848043e-21  7.00719e-18  8.48480e-21
9.865456120e+00  9.2011924e-21  6.93764e-18  9.20119e-21
9.914783401e+00  1.0087425e-20  6.86878e-18  1.00874e-20
9.964357318e+00  1.0776915e-20  6.80061e-18  1.07769e-20
1.001417910e+01  1.1377122e-20  6.73311e-18  1.13771e-20
1.006425000e+01  1.1867830e-20  6.66628e-18  1.18678e-20
1.011457125e+01  1.2156425e-20  6.60011e-18  1.21564e-20
1.016514411e+01  1.2267964e-20  6.53460e-18  1.22680e-20
1.021596983e+01  1.2249986e-20  6.46974e-18  1.22500e-20
1.026704968e+01  1.2112316e-20  6.40553e-18  1.21123e-20
1.031838492e+01  1.2288721e-20  6.34195e-18  1.22887e-20
1.036997685e+01  1.2405056e-20  6.27900e-18  1.24051e-20
1.042182673e+01  1.2410672e-20  6.21668e-18  1.24107e-20
1.047393587e+01  1.2138857e-20  6.15498e-18  1.21389e-20
1.052630555e+01  1.2191791e-20  6.09389e-18  1.21918e-20
1.057893707e+01  1.2165031e-20  6.03340e-18  1.21650e-20
1.063183176e+01  1.2278136e-20  5.97352e-18  1.22781e-20
1.068499092e+01  1.2308714e-20  5.91423e-18  1.23087e-20
1.073841587e+01  1.2308310e-20  5.85553e-18  1.23083e-20
1.079210795e+01  1.2143764e-20  5.79741e-18  1.21438e-20
1.084606849e+01  1.1899834e-20  5.73986e-18  1.18998e-20
1.090029883e+01  1.2185161e-20  5.68289e-18  1.21852e-20
1.095480033e+01  1.2176558e-20  5.62649e-18  1.21766e-20
1.100957433e+01  1.1611489e-20  5.58840e-18  1.16115e-20
1.106462220e+01  1.2140760e-20  5.56060e-18  1.21408e-20
1.111994531e+01  1.2103072e-20  5.53293e-18  1.21031e-20
1.117554504e+01  1.2073450e-20  5.50541e-18  1.20734e-20
1.123142276e+01  1.1793577e-20  5.47802e-18  1.17936e-20
1.128757988e+01  1.1644769e-20  5.45076e-18  1.16448e-20
1.134401778e+01  1.1712864e-20  5.42365e-18  1.17129e-20
1.140073787e+01  1.1711609e-20  5.39666e-18  1.17116e-20
1.145774156e+01  1.1629270e-20  5.36981e-18  1.16293e-20
1.151503026e+01  1.1727534e-20  5.34310e-18  1.17275e-20
1.157260541e+01  1.1510085e-20  5.31652e-18  1.15101e-20
1.163046844e+01  1.1612888e-20  5.29006e-18  1.16129e-20
1.168862078e+01  1.1232296e-20  5.26375e-18  1.12323e-20
1.174706389e+01  1.0745552e-20  5.23756e-18  1.07456e-20
1.180579921e+01  1.1389672e-20  5.21150e-18  1.13897e-20
1.186482820e+01  1.1260690e-20  5.18557e-18  1.12607e-20
1.192415234e+01  1.1167777e-20  5.15977e-18  1.11678e-20
1.198377311e+01  1.1318937e-20  5.13410e-18  1.13189e-20
1.204369197e+01  1.1270757e-20  5.10856e-18  1.12708e-20
1.210391043e+01  1.0609638e-20  5.08314e-18  1.06096e-20
1.216442998e+01  1.1159856e-20  5.05786e-18  1.11599e-20
1.222525213e+01  1.1058962e-20  5.03269e-18  1.10590e-20
1.228637839e+01  1.0190687e-20  5.00765e-18  1.01907e-20
1.234781029e+01  1.0587267e-20  4.98274e-18  1.05873e-20
1.240954934e+01  1.0331688e-20  4.95795e-18  1.03317e-20
1.247159708e+01  1.0211490e-20  4.93328e-18  1.02115e-20
1.253395507e+01  8.6110822e-21  4.90874e-18  8.61108e-21
1.259662485e+01  9.6420163e-21  4.88432e-18  9.64202e-21
1.265960797e+01  1.0148310e-20  4.86002e-18  1.01483e-20
1.272290601e+01  9.5789900e-21  4.83584e-18  9.57899e-21
1.278652054e+01  1.0038593e-20  4.81178e-18  1.00386e-20
1.285045314e+01  9.0673583e-21  4.78784e-18  9.06736e-21
1.291470541e+01  9.7224113e-21  4.76402e-18  9.72241e-21
1.297927893e+01  9.1873433e-21  4.74032e-18  9.18734e-21
1.304417533e+01  9.5323372e-21  4.71674e-18  9.53234e-21
1.310939621e+01  9.3055358e-21  4.69327e-18  9.30554e-21
1.317494319e+01  8.8603477e-21  4.66992e-18  8.86035e-21
1.324081790e+01  7.7122564e-21  4.64669e-18  7.71226e-21
1.330702199e+01  7.7046520e-21  4.62357e-18  7.70465e-21
1.337355710e+01  7.2088703e-21  4.60057e-18  7.20887e-21
1.344042489e+01  6.5334619e-21  4.57768e-18  6.53346e-21
1.350762701e+01  5.3788116e-21  4.55490e-18  5.37881e-21
1.357516515e+01  5.6916168e-21  4.53224e-18  5.69162e-21
1.364304097e+01  5.5837765e-21  4.50969e-18  5.58378e-21
1.371125618e+01  5.6331396e-21  4.48726e-18  5.63314e-21
1.377981246e+01  5.9399663e-21  4.46493e-18  5.93997e-21
1.384871152e+01  4.6364869e-21  4.44272e-18  4.63649e-21
1.391795508e+01  4.1626805e-21  4.42062e-18  4.16268e-21
1.398754485e+01  4.6409556e-21  4.39862e-18  4.64096e-21
1.405748258e+01  4.0740511e-21  4.37674e-18  4.07405e-21
1.412776999e+01  3.6254731e-21  4.35496e-18  3.62547e-21
1.419840884e+01  3.1701964e-21  4.33330e-18  3.17020e-21
1.426940089e+01  2.8108219e-21  4.31174e-18  2.81082e-21
1.434074789e+01  2.6117347e-21  4.29029e-18  2.61173e-21
1.441245163e+01  2.5624357e-21  4.26894e-18  2.56244e-21
1.448451389e+01  2.4914384e-21  4.24770e-18  2.49144e-21
1.455693646e+01  2.5961811e-21  4.22657e-18  2.59618e-21
1.462972114e+01  2.7563848e-21  4.20554e-18  2.75638e-21
1.470286975e+01  2.6442691e-21  4.18462e-18  2.64427e-21
1.477638409e+01  2.8216442e-21  4.16380e-18  2.82164e-21
1.485026601e+01  2.7811868e-21  4.14309e-18  2.78119e-21
1.492451734e+01  3.3122875e-21  4.12247e-18  3.31229e-21
1.499913993e+01  3.1650852e-21  4.10196e-18  3.16509e-21
1.507413563e+01  2.9049430e-21  4.08156e-18  2.90494e-21
1.514950631e+01  2.7095122e-21  4.06125e-18  2.70951e-21
1.522525384e+01  2.6121995e-21  4.04104e-18  2.61220e-21
1.530138011e+01  2.6836654e-21  4.02094e-18  2.68367e-21
1.537788701e+01  2.7965092e-21  4.00093e-18  2.79651e-21
1.545477645e+01  2.5416603e-21  3.98103e-18  2.54166e-21
1.553205033e+01  2.4555718e-21  3.96122e-18  2.45557e-21
1.560971058e+01  2.4274692e-21  3.94152e-18  2.42747e-21
1.568775913e+01  2.4831233e-21  3.92191e-18  2.48312e-21
1.576619793e+01  2.5776999e-21  3.90239e-18  2.57770e-21
1.584502892e+01  2.8220576e-21  3.88298e-18  2.82206e-21
1.592425406e+01  3.1435271e-21  3.86366e-18  3.14353e-21
1.600387533e+01  3.4072310e-21  3.84444e-18  3.40723e-21
1.608389471e+01  4.1777506e-21  3.82531e-18  4.17775e-21
1.616431418e+01  3.2443829e-21  3.80628e-18  3.24438e-21
1.624513575e+01  3.6010956e-21  3.78734e-18  3.60110e-21
1.632636143e+01  4.3148700e-21  3.76850e-18  4.31487e-21
1.640799324e+01  4.0911345e-21  3.74975e-18  4.09113e-21
1.649003321e+01  4.4249128e-21  3.73110e-18  4.42491e-21
1.657248337e+01  4.1511700e-21  3.71253e-18  4.15117e-21
1.665534579e+01  4.3863992e-21  3.69406e-18  4.38640e-21
1.673862252e+01  3.9263154e-21  3.67569e-18  3.92632e-21
1.682231563e+01  4.3471901e-21  3.65740e-18  4.34719e-21
1.690642721e+01  4.1861014e-21  3.63920e-18  4.18610e-21
1.699095934e+01  4.5225280e-21  3.62110e-18  4.52253e-21
1.707591414e+01  4.7718931e-21  3.60308e-18  4.77189e-21
1.716129371e+01  4.7491774e-21  3.58516e-18  4.74918e-21
1.724710018e+01  4.5031317e-21  3.56732e-18  4.50313e-21
1.733333568e+01  4.2248713e-21  3.54957e-18  4.22487e-21
1.742000236e+01  4.8544396e-21  3.53191e-18  4.85444e-21
1.750710237e+01  4.5970079e-21  3.51434e-18  4.59701e-21
1.759463788e+01  4.0832079e-21  3.49686e-18  4.08321e-21
1.768261107e+01  4.6537227e-21  3.47946e-18  4.65372e-21
1.777102413e+01  4.5472619e-21  3.46215e-18  4.54726e-21
1.785987925e+01  4.8360253e-21  3.44492e-18  4.83603e-21
1.794917864e+01  4.6403830e-21  3.42778e-18  4.64038e-21
