# ------------------------------------------------------------------------
# Radiance spectrum
# NASA-GSFC Planetary Spectrum Generator (PSG) (Villanueva et al. 2018, 2022)
# Synthesized on Wed Sep 20 15:13:22 2023
# Doppler velocities [km/s] (vobs,vrot+vorb,vwidth,vrfl,vstr): -0.45600,-0.00000,0.02000,-94.75176,0.00000
# ------------------------------------------------------------------------
# Spectra synthesized with the Planetary and Universal Model of Atmospheric Scattering (PUMAS, Villanueva et al. 2018, 2022)
# Single scattering radiative transfer method
# ------------------------------------------------------------------------
# Spectral unit: Wavelength [um]
# Radiance unit: Spectral irradiance [W/m2/um]
# Wave/freq Total Noise Earth
4.000000000e+00  9.7918381e-22  4.19914e-17  9.79184e-22
4.020000000e+00  9.5663209e-22  4.17825e-17  9.56632e-22
4.040100000e+00  9.2119269e-22  4.13678e-17  9.21193e-22
4.060300500e+00  9.3690359e-22  4.09572e-17  9.36904e-22
4.080602002e+00  9.0785721e-22  4.05506e-17  9.07857e-22
4.101005013e+00  9.1129968e-22  4.01482e-17  9.11300e-22
4.121510038e+00  9.2212704e-22  3.97497e-17  9.22127e-22
4.142117588e+00  9.2950097e-22  3.93551e-17  9.29501e-22
4.162828176e+00  7.6646280e-22  3.89645e-17  7.66463e-22
4.183642317e+00  1.6209225e-22  3.85778e-17  1.62092e-22
4.204560528e+00  3.4713732e-23  3.81949e-17  3.47137e-23
4.225583331e+00  7.0571741e-23  3.78158e-17  7.05717e-23
4.246711247e+00  7.2833504e-23  3.74404e-17  7.28335e-23
4.267944804e+00  7.6603058e-23  3.70688e-17  7.66031e-23
4.289284528e+00  7.8500397e-23  3.67009e-17  7.85004e-23
4.310730950e+00  6.5968176e-23  3.63366e-17  6.59682e-23
4.332284605e+00  4.7589134e-23  3.59760e-17  4.75891e-23
4.353946028e+00  4.0771258e-23  3.56189e-17  4.07713e-23
4.375715758e+00  4.5808933e-23  3.52653e-17  4.58089e-23
4.397594337e+00  3.7073341e-23  3.49153e-17  3.70733e-23
4.419582309e+00  5.6992009e-23  3.45688e-17  5.69920e-23
4.441680220e+00  1.5697423e-22  3.42256e-17  1.56974e-22
4.463888621e+00  2.5656213e-22  3.38859e-17  2.56562e-22
4.486208064e+00  4.5678877e-22  3.35496e-17  4.56789e-22
4.508639105e+00  5.2774943e-22  3.32166e-17  5.27749e-22
4.531182300e+00  5.7820314e-22  3.28869e-17  5.78203e-22
4.553838212e+00  9.5637030e-22  3.25605e-17  9.56370e-22
4.576607403e+00  1.3436355e-21  3.22373e-17  1.34364e-21
4.599490440e+00  1.7262819e-21  3.19173e-17  1.72628e-21
4.622487892e+00  1.8317128e-21  3.16006e-17  1.83171e-21
4.645600332e+00  1.9506211e-21  3.12869e-17  1.95062e-21
4.668828333e+00  1.8880615e-21  3.09764e-17  1.88806e-21
4.692172475e+00  1.6515164e-21  3.06689e-17  1.65152e-21
4.715633337e+00  9.2988245e-22  3.03645e-17  9.29882e-22
4.739211504e+00  1.3693857e-21  3.00631e-17  1.36939e-21
4.762907561e+00  1.2237089e-21  2.97647e-17  1.22371e-21
4.786722099e+00  1.3176031e-21  2.94693e-17  1.31760e-21
4.810655710e+00  1.4065451e-21  2.91768e-17  1.40655e-21
4.834708988e+00  1.6177100e-21  2.88872e-17  1.61771e-21
4.858882533e+00  1.9448182e-21  2.86005e-17  1.94482e-21
4.883176946e+00  2.0531973e-21  2.83166e-17  2.05320e-21
4.907592831e+00  1.9872755e-21  2.80356e-17  1.98728e-21
4.932130795e+00  2.0486027e-21  2.77573e-17  2.04860e-21
4.956791449e+00  1.3682637e-21  2.74818e-17  1.36826e-21
4.981575406e+00  1.9876148e-21  2.72090e-17  1.98761e-21
5.006483283e+00  1.7107870e-21  2.69390e-17  1.71079e-21
5.031515699e+00  1.3948956e-21  2.66716e-17  1.39490e-21
5.056673278e+00  2.2840839e-21  2.64068e-17  2.28408e-21
5.081956644e+00  1.4639547e-21  2.61447e-17  1.46395e-21
5.107366428e+00  1.4649749e-21  2.58852e-17  1.46497e-21
5.132903260e+00  1.3696699e-21  2.56283e-17  1.36967e-21
5.158567776e+00  1.4434966e-21  2.53739e-17  1.44350e-21
5.184360615e+00  1.6877184e-21  2.51221e-17  1.68772e-21
5.210282418e+00  7.9611831e-22  2.48727e-17  7.96118e-22
5.236333830e+00  1.0549911e-21  2.46259e-17  1.05499e-21
5.262515499e+00  1.5239867e-21  2.43814e-17  1.52399e-21
5.288828077e+00  1.0019347e-21  2.41394e-17  1.00193e-21
5.315272217e+00  1.4859499e-21  2.38999e-17  1.48595e-21
5.341848578e+00  1.0591049e-21  2.36626e-17  1.05910e-21
5.368557821e+00  1.1837916e-21  2.34278e-17  1.18379e-21
5.395400610e+00  1.3788314e-21  2.31952e-17  1.37883e-21
5.422377613e+00  7.0438232e-22  2.29650e-17  7.04382e-22
5.449489501e+00  9.7861720e-22  2.27371e-17  9.78617e-22
5.476736949e+00  7.7799295e-22  2.25114e-17  7.77993e-22
5.504120634e+00  1.3187005e-21  2.22880e-17  1.31870e-21
5.531641237e+00  1.0048343e-21  2.20667e-17  1.00483e-21
5.559299443e+00  7.8121629e-22  2.18477e-17  7.81216e-22
5.587095940e+00  8.6896356e-22  2.16309e-17  8.68964e-22
5.615031420e+00  8.8323044e-22  2.14162e-17  8.83230e-22
5.643106577e+00  5.8223203e-22  2.12036e-17  5.82232e-22
5.671322110e+00  8.5528010e-22  2.09932e-17  8.55280e-22
5.699678720e+00  8.2242685e-22  2.07848e-17  8.22427e-22
5.728177114e+00  6.2811706e-22  2.05785e-17  6.28117e-22
5.756818000e+00  5.6560236e-22  2.03742e-17  5.65602e-22
5.785602090e+00  8.9363871e-22  2.01720e-17  8.93639e-22
5.814530100e+00  6.3603794e-22  1.99718e-17  6.36038e-22
5.843602750e+00  7.8179004e-22  1.97736e-17  7.81790e-22
5.872820764e+00  4.9037247e-22  1.95773e-17  4.90372e-22
5.902184868e+00  6.1684230e-22  1.93830e-17  6.16842e-22
5.931695792e+00  5.1084902e-22  1.91906e-17  5.10849e-22
5.961354271e+00  7.8374773e-22  1.90001e-17  7.83748e-22
5.991161043e+00  6.9021292e-22  1.88115e-17  6.90213e-22
6.021116848e+00  9.0091092e-22  1.86248e-17  9.00911e-22
6.051222432e+00  5.4613677e-22  1.84400e-17  5.46137e-22
6.081478544e+00  7.8108870e-22  1.82569e-17  7.81089e-22
6.111885937e+00  6.8506666e-22  1.80757e-17  6.85067e-22
6.142445367e+00  9.1731347e-22  1.78963e-17  9.17313e-22
6.173157594e+00  8.4402373e-22  1.77187e-17  8.44024e-22
6.204023382e+00  1.2123924e-21  1.75428e-17  1.21239e-21
6.235043498e+00  1.3409343e-21  1.73687e-17  1.34093e-21
6.266218716e+00  1.5261074e-21  1.71963e-17  1.52611e-21
6.297549810e+00  1.7689747e-21  1.70256e-17  1.76897e-21
6.329037559e+00  1.3256201e-21  1.68566e-17  1.32562e-21
6.360682746e+00  9.2014480e-22  1.66893e-17  9.20145e-22
6.392486160e+00  9.2766946e-22  1.65237e-17  9.27669e-22
6.424448591e+00  7.1570257e-22  1.63597e-17  7.15703e-22
6.456570834e+00  1.1322627e-21  1.61973e-17  1.13226e-21
6.488853688e+00  6.2165472e-22  1.60365e-17  6.21655e-22
6.521297956e+00  9.9094698e-22  1.58774e-17  9.90947e-22
6.553904446e+00  8.9680172e-22  1.57198e-17  8.96802e-22
6.586673968e+00  9.1833043e-22  1.55637e-17  9.18330e-22
6.619607338e+00  9.9553103e-22  1.54093e-17  9.95531e-22
6.652705375e+00  1.1295498e-21  1.52563e-17  1.12955e-21
6.685968902e+00  1.3673553e-21  1.51049e-17  1.36736e-21
6.719398746e+00  1.2663279e-21  1.49550e-17  1.26633e-21
6.752995740e+00  2.0642127e-21  1.48065e-17  2.06421e-21
6.786760719e+00  1.2153633e-21  1.46596e-17  1.21536e-21
6.820694522e+00  1.5460342e-21  1.45141e-17  1.54603e-21
6.854797995e+00  1.2744838e-21  1.43700e-17  1.27448e-21
6.889071985e+00  2.0835048e-21  1.42274e-17  2.08350e-21
6.923517345e+00  2.5889698e-21  1.40862e-17  2.58897e-21
6.958134932e+00  1.8519969e-21  1.39464e-17  1.85200e-21
6.992925606e+00  2.1623264e-21  1.38079e-17  2.16233e-21
7.027890234e+00  2.1577090e-21  1.36709e-17  2.15771e-21
7.063029686e+00  2.3500216e-21  1.35352e-17  2.35002e-21
7.098344834e+00  3.2317550e-21  1.34008e-17  3.23176e-21
7.133836558e+00  2.6515487e-21  1.32678e-17  2.65155e-21
7.169505741e+00  2.3536531e-21  1.31361e-17  2.35365e-21
7.205353270e+00  2.6855399e-21  1.30058e-17  2.68554e-21
7.241380036e+00  3.4837837e-21  1.28767e-17  3.48378e-21
7.277586936e+00  2.6869877e-21  1.27489e-17  2.68699e-21
7.313974871e+00  3.6874318e-21  1.26223e-17  3.68743e-21
7.350544745e+00  3.3023330e-21  1.24970e-17  3.30233e-21
7.387297469e+00  4.1559285e-21  1.23730e-17  4.15593e-21
7.424233956e+00  4.3764874e-21  1.22502e-17  4.37649e-21
7.461355126e+00  3.1812507e-21  1.21286e-17  3.18125e-21
7.498661902e+00  4.4826989e-21  1.20082e-17  4.48270e-21
7.536155211e+00  5.5075954e-21  1.18890e-17  5.50760e-21
7.573835987e+00  3.8906236e-21  1.17710e-17  3.89062e-21
7.611705167e+00  4.3148905e-21  1.16542e-17  4.31489e-21
7.649763693e+00  4.5697364e-21  1.15385e-17  4.56974e-21
7.688012511e+00  4.8474286e-21  1.14240e-17  4.84743e-21
7.726452574e+00  5.5179461e-21  1.13106e-17  5.51795e-21
7.765084837e+00  5.6317138e-21  1.11983e-17  5.63171e-21
7.803910261e+00  6.2042852e-21  1.10872e-17  6.20429e-21
7.842929812e+00  6.2941933e-21  1.09772e-17  6.29419e-21
7.882144461e+00  4.5882448e-21  1.08682e-17  4.58824e-21
7.921555184e+00  5.6848260e-21  1.07603e-17  5.68483e-21
7.961162960e+00  8.0453178e-21  1.06535e-17  8.04532e-21
8.000968774e+00  9.1392351e-21  1.05478e-17  9.13924e-21
8.040973618e+00  7.9711514e-21  1.04431e-17  7.97115e-21
8.081178486e+00  9.7830417e-21  1.03394e-17  9.78304e-21
8.121584379e+00  1.0936302e-20  1.02368e-17  1.09363e-20
8.162192301e+00  9.0778939e-21  1.01352e-17  9.07789e-21
8.203003262e+00  9.4487004e-21  1.00346e-17  9.44870e-21
8.244018279e+00  8.6017090e-21  9.93501e-18  8.60171e-21
8.285238370e+00  1.1165902e-20  9.83640e-18  1.11659e-20
8.326664562e+00  1.0755561e-20  9.73877e-18  1.07556e-20
8.368297885e+00  1.1076217e-20  9.64211e-18  1.10762e-20
8.410139374e+00  9.7665821e-21  9.54641e-18  9.76658e-21
8.452190071e+00  1.1190661e-20  9.45165e-18  1.11907e-20
8.494451021e+00  1.0115978e-20  9.35784e-18  1.01160e-20
8.536923276e+00  1.0833830e-20  9.26496e-18  1.08338e-20
8.579607893e+00  1.0536067e-20  9.17300e-18  1.05361e-20
8.622505932e+00  1.1077428e-20  9.08195e-18  1.10774e-20
8.665618462e+00  1.0506763e-20  8.99181e-18  1.05068e-20
8.708946554e+00  1.0813188e-20  8.90256e-18  1.08132e-20
8.752491287e+00  1.0970741e-20  8.81420e-18  1.09707e-20
8.796253743e+00  9.3683339e-21  8.72672e-18  9.36833e-21
8.840235012e+00  1.0540808e-20  8.64010e-18  1.05408e-20
8.884436187e+00  1.0355394e-20  8.55434e-18  1.03554e-20
8.928858368e+00  1.0513376e-20  8.46944e-18  1.05134e-20
8.973502660e+00  1.0807252e-20  8.38537e-18  1.08073e-20
9.018370173e+00  1.0676254e-20  8.30214e-18  1.06763e-20
9.063462024e+00  1.0876896e-20  8.21974e-18  1.08769e-20
9.108779334e+00  1.0892032e-20  8.13816e-18  1.08920e-20
9.154323231e+00  1.0602816e-20  8.05738e-18  1.06028e-20
9.200094847e+00  1.0471365e-20  7.97741e-18  1.04714e-20
9.246095321e+00  1.0371963e-20  7.89823e-18  1.03720e-20
9.292325798e+00  1.0622571e-20  7.81983e-18  1.06226e-20
9.338787427e+00  9.8407590e-21  7.74222e-18  9.84076e-21
9.385481364e+00  5.9551317e-21  7.66537e-18  5.95513e-21
9.432408771e+00  3.4934769e-21  7.58929e-18  3.49348e-21
9.479570815e+00  3.3908917e-21  7.51396e-18  3.39089e-21
9.526968669e+00  3.4253799e-21  7.43938e-18  3.42538e-21
9.574603512e+00  5.4723651e-21  7.36554e-18  5.47237e-21
9.622476530e+00  3.6434270e-21  7.29243e-18  3.64343e-21
9.670588912e+00  3.5939292e-21  7.22005e-18  3.59393e-21
9.718941857e+00  3.6864447e-21  7.14839e-18  3.68644e-21
9.767536566e+00  3.6277274e-21  7.07744e-18  3.62773e-21
9.816374249e+00  3.8903796e-21  7.00719e-18  3.89038e-21
9.865456120e+00  4.4868493e-21  6.93764e-18  4.48685e-21
9.914783401e+00  5.5542621e-21  6.86878e-18  5.55426e-21
9.964357318e+00  6.6726840e-21  6.80061e-18  6.67268e-21
1.001417910e+01  8.0298111e-21  6.73311e-18  8.02981e-21
1.006425000e+01  9.2671753e-21  6.66628e-18  9.26718e-21
1.011457125e+01  1.0335159e-20  6.60011e-18  1.03352e-20
1.016514411e+01  1.1075146e-20  6.53460e-18  1.10751e-20
1.021596983e+01  1.2009927e-20  6.46974e-18  1.20099e-20
1.026704968e+01  1.2048064e-20  6.40553e-18  1.20481e-20
1.031838492e+01  1.2255533e-20  6.34195e-18  1.22555e-20
1.036997685e+01  1.2387723e-20  6.27900e-18  1.23877e-20
1.042182673e+01  1.2403284e-20  6.21668e-18  1.24033e-20
1.047393587e+01  1.2136413e-20  6.15498e-18  1.21364e-20
1.052630555e+01  1.2190904e-20  6.09389e-18  1.21909e-20
1.057893707e+01  1.2164689e-20  6.03340e-18  1.21647e-20
1.063183176e+01  1.2278008e-20  5.97352e-18  1.22780e-20
1.068499092e+01  1.2308681e-20  5.91423e-18  1.23087e-20
1.073841587e+01  1.2308310e-20  5.85553e-18  1.23083e-20
1.079210795e+01  1.2143764e-20  5.79741e-18  1.21438e-20
1.084606849e+01  1.1899834e-20  5.73986e-18  1.18998e-20
1.090029883e+01  1.2185162e-20  5.68289e-18  1.21852e-20
1.095480033e+01  1.2176558e-20  5.62649e-18  1.21766e-20
1.100957433e+01  1.1611488e-20  5.58840e-18  1.16115e-20
1.106462220e+01  1.2140761e-20  5.56060e-18  1.21408e-20
1.111994531e+01  1.2103072e-20  5.53293e-18  1.21031e-20
1.117554504e+01  1.2073450e-20  5.50541e-18  1.20734e-20
1.123142276e+01  1.1793578e-20  5.47802e-18  1.17936e-20
1.128757988e+01  1.1644769e-20  5.45076e-18  1.16448e-20
1.134401778e+01  1.1712864e-20  5.42365e-18  1.17129e-20
1.140073787e+01  1.1711609e-20  5.39666e-18  1.17116e-20
1.145774156e+01  1.1629271e-20  5.36981e-18  1.16293e-20
1.151503026e+01  1.1727535e-20  5.34310e-18  1.17275e-20
1.157260541e+01  1.1510085e-20  5.31652e-18  1.15101e-20
1.163046844e+01  1.1612888e-20  5.29006e-18  1.16129e-20
1.168862078e+01  1.1232295e-20  5.26375e-18  1.12323e-20
1.174706389e+01  1.0745450e-20  5.23756e-18  1.07454e-20
1.180579921e+01  1.1386888e-20  5.21150e-18  1.13869e-20
1.186482820e+01  1.1257054e-20  5.18557e-18  1.12571e-20
1.192415234e+01  1.1161821e-20  5.15977e-18  1.11618e-20
1.198377311e+01  1.1308850e-20  5.13410e-18  1.13088e-20
1.204369197e+01  1.1253017e-20  5.10856e-18  1.12530e-20
1.210391043e+01  1.0596996e-20  5.08314e-18  1.05970e-20
1.216442998e+01  1.1122096e-20  5.05786e-18  1.11221e-20
1.222525213e+01  1.1020704e-20  5.03269e-18  1.10207e-20
1.228637839e+01  1.0157116e-20  5.00765e-18  1.01571e-20
1.234781029e+01  1.0546472e-20  4.98274e-18  1.05465e-20
1.240954934e+01  1.0273378e-20  4.95795e-18  1.02734e-20
1.247159708e+01  1.0152602e-20  4.93328e-18  1.01526e-20
1.253395507e+01  8.5601172e-21  4.90874e-18  8.56012e-21
1.259662485e+01  9.5484414e-21  4.88432e-18  9.54844e-21
1.265960797e+01  1.0015329e-20  4.86002e-18  1.00153e-20
1.272290601e+01  9.4372169e-21  4.83584e-18  9.43722e-21
1.278652054e+01  9.8356903e-21  4.81178e-18  9.83569e-21
1.285045314e+01  8.8782485e-21  4.78784e-18  8.87825e-21
1.291470541e+01  9.4885989e-21  4.76402e-18  9.48860e-21
1.297927893e+01  8.8919246e-21  4.74032e-18  8.89192e-21
1.304417533e+01  9.1891842e-21  4.71674e-18  9.18918e-21
1.310939621e+01  8.9605300e-21  4.69327e-18  8.96053e-21
1.317494319e+01  8.5263726e-21  4.66992e-18  8.52637e-21
1.324081790e+01  7.5086090e-21  4.64669e-18  7.50861e-21
1.330702199e+01  7.4359405e-21  4.62357e-18  7.43594e-21
1.337355710e+01  7.0716878e-21  4.60057e-18  7.07169e-21
1.344042489e+01  6.2688348e-21  4.57768e-18  6.26883e-21
1.350762701e+01  5.3389626e-21  4.55490e-18  5.33896e-21
1.357516515e+01  5.4883013e-21  4.53224e-18  5.48830e-21
1.364304097e+01  5.5065955e-21  4.50969e-18  5.50660e-21
1.371125618e+01  5.3665605e-21  4.48726e-18  5.36656e-21
1.377981246e+01  5.7695719e-21  4.46493e-18  5.76957e-21
1.384871152e+01  4.5674717e-21  4.44272e-18  4.56747e-21
1.391795508e+01  4.1594713e-21  4.42062e-18  4.15947e-21
1.398754485e+01  4.5528284e-21  4.39862e-18  4.55283e-21
1.405748258e+01  4.0474176e-21  4.37674e-18  4.04742e-21
1.412776999e+01  3.6497462e-21  4.35496e-18  3.64975e-21
1.419840884e+01  3.2078254e-21  4.33330e-18  3.20783e-21
1.426940089e+01  2.8421909e-21  4.31174e-18  2.84219e-21
1.434074789e+01  2.6610850e-21  4.29029e-18  2.66109e-21
1.441245163e+01  2.5943704e-21  4.26894e-18  2.59437e-21
1.448451389e+01  2.5421547e-21  4.24770e-18  2.54215e-21
1.455693646e+01  2.6426200e-21  4.22657e-18  2.64262e-21
1.462972114e+01  2.7854791e-21  4.20554e-18  2.78548e-21
1.470286975e+01  2.6891715e-21  4.18462e-18  2.68917e-21
1.477638409e+01  2.8385219e-21  4.16380e-18  2.83852e-21
1.485026601e+01  2.8191285e-21  4.14309e-18  2.81913e-21
1.492451734e+01  3.3160583e-21  4.12247e-18  3.31606e-21
1.499913993e+01  3.1739207e-21  4.10196e-18  3.17392e-21
1.507413563e+01  2.9135369e-21  4.08156e-18  2.91354e-21
1.514950631e+01  2.7218133e-21  4.06125e-18  2.72181e-21
1.522525384e+01  2.6338833e-21  4.04104e-18  2.63388e-21
1.530138011e+01  2.6911341e-21  4.02094e-18  2.69113e-21
1.537788701e+01  2.8030113e-21  4.00093e-18  2.80301e-21
1.545477645e+01  2.5493033e-21  3.98103e-18  2.54930e-21
1.553205033e+01  2.4631580e-21  3.96122e-18  2.46316e-21
1.560971058e+01  2.4415456e-21  3.94152e-18  2.44155e-21
1.568775913e+01  2.4904308e-21  3.92191e-18  2.49043e-21
1.576619793e+01  2.5860828e-21  3.90239e-18  2.58608e-21
1.584502892e+01  2.8303526e-21  3.88298e-18  2.83035e-21
1.592425406e+01  3.1475523e-21  3.86366e-18  3.14755e-21
1.600387533e+01  3.4108098e-21  3.84444e-18  3.41081e-21
1.608389471e+01  4.1775309e-21  3.82531e-18  4.17753e-21
1.616431418e+01  3.2443408e-21  3.80628e-18  3.24434e-21
1.624513575e+01  3.6019965e-21  3.78734e-18  3.60200e-21
1.632636143e+01  4.3143654e-21  3.76850e-18  4.31437e-21
1.640799324e+01  4.0917469e-21  3.74975e-18  4.09175e-21
1.649003321e+01  4.4252274e-21  3.73110e-18  4.42523e-21
1.657248337e+01  4.1514290e-21  3.71253e-18  4.15143e-21
1.665534579e+01  4.3863324e-21  3.69406e-18  4.38633e-21
1.673862252e+01  3.9263207e-21  3.67569e-18  3.92632e-21
1.682231563e+01  4.3471187e-21  3.65740e-18  4.34712e-21
1.690642721e+01  4.1861987e-21  3.63920e-18  4.18620e-21
1.699095934e+01  4.5225575e-21  3.62110e-18  4.52256e-21
1.707591414e+01  4.7717613e-21  3.60308e-18  4.77176e-21
1.716129371e+01  4.7490429e-21  3.58516e-18  4.74904e-21
1.724710018e+01  4.5030982e-21  3.56732e-18  4.50310e-21
1.733333568e+01  4.2248848e-21  3.54957e-18  4.22488e-21
1.742000236e+01  4.8543662e-21  3.53191e-18  4.85437e-21
1.750710237e+01  4.5969842e-21  3.51434e-18  4.59698e-21
1.759463788e+01  4.0832115e-21  3.49686e-18  4.08321e-21
1.768261107e+01  4.6537194e-21  3.47946e-18  4.65372e-21
1.777102413e+01  4.5472608e-21  3.46215e-18  4.54726e-21
1.785987925e+01  4.8360212e-21  3.44492e-18  4.83602e-21
1.794917864e+01  4.6403834e-21  3.42778e-18  4.64038e-21
